Run1:
mean_variance: 0.035117789205588903
trust: [0.428, 0.558, 0.485, 0.548, 0.064, 0.535, 0.518, 0.301, 1.0, 0.45]
roles: [1, 1, 2, 1, 0, 0, 2, 2, 2, 1]
connections: [[2, 3, 4, 5], [2, 3, 5, 6], [0, 1, 8, 7], [8, 1, 4, 5], [1, 3, 5, 6], [0, 1, 6, 7], [9, 3, 5, 7], [0, 9, 2, 5], [0, 1, 3, 9], [0, 1, 6, 7]]

Run2:
mean_variance: 0.03404760401421441
trust: [0.691, 0.353, 0.536, 0.634, 0.05, 0.618, 0.47, 0.505, 0.882, 0.45]
roles: [1, 2, 2, 2, 2, 2, 0, 1, 1, 2]
connections: [[8, 2, 5, 6], [3, 4, 5, 7], [0, 8, 5, 1], [8, 9, 6, 7], [9, 2, 3, 6], [8, 9, 6, 1], [1, 4, 9, 7], [8, 9, 3, 6], [0, 1, 2, 6], [8, 5, 6, 7]]

Run3:
mean_variance: 0.03240575977788473
trust: [0.452, 0.05, 0.66, 0.41, 0.529, 0.631, 0.537, 0.356, 0.75, 0.762]
roles: [1, 0, 1, 0, 0, 0, 1, 2, 0, 2]
connections: [[1, 9, 6, 7], [8, 2, 4, 5], [8, 0, 3, 6], [8, 1, 2, 0], [9, 2, 5, 7], [1, 4, 6, 9], [9, 3, 1, 7], [0, 9, 4, 5], [1, 4, 5, 9], [0, 3, 5, 7]]

Status: achieved
