run1
mean_variance: 0.03197032261093876
trust: [1.0, 1.0, 1.0, 1.0, 1.0, 1.0, 1.0, 0.895, 1.0, 1.0]
roles: [0, 2, 0, 0, 0, 0, 0, 1, 1, 2]
connections: [[8, 9, 4, 5], [2, 3, 4, 7], [1, 4, 6, 7], [8, 9, 5, 1], [2, 3, 5, 7], [1, 2, 3, 4], [0, 8, 2, 4], [0, 8, 3, 5], [0, 1, 6, 9], [8, 2, 3, 5]]

run2
mean_variance: 0.03065410205047082
trust: [1.0, 1.0, 1.0, 1.0, 1.0, 1.0, 0.949, 1.0, 1.0, 1.0]
roles: [0, 2, 0, 1, 0, 0, 1, 1, 0, 2]
connections: [[8, 9, 2, 4], [8, 3, 4, 7], [9, 3, 4, 1], [8, 9, 2, 1], [1, 2, 3, 5], [8, 4, 6, 7], [8, 2, 3, 4], [3, 4, 5, 6], [0, 9, 3, 1], [8, 0, 5, 7]]

run3
mean_variance: 0.033364061195200384
trust: [1.0, 1.0, 1.0, 1.0, 1.0, 0.05, 1.0, 1.0, 1.0, 1.0]
roles: [1, 2, 1, 2, 0, 1, 2, 0, 2, 0]
connections: [[1, 4, 6, 9], [0, 2, 5, 7], [8, 1, 4, 5], [0, 8, 5, 9], [0, 9, 6, 7], [9, 4, 6, 7], [1, 3, 5, 7], [0, 2, 3, 4], [9, 4, 5, 6], [8, 0, 2, 6]]

final_result: not achieved
