Run1:
mean_variance: 0.03518245243697859
trust: [0.676, 0.126, 0.558, 0.377, 0.315, 0.65, 0.525, 0.36, 0.495, 0.936]
roles: [2, 1, 0, 2, 2, 0, 1, 2, 1, 1]
connections: [[8, 9, 3, 1], [0, 9, 2, 5], [1, 3, 9, 6], [0, 8, 6, 7], [8, 9, 5, 7], [0, 9, 3, 6], [9, 2, 3, 7], [0, 9, 5, 6], [9, 4, 1, 7], [0, 1, 4, 6]]

Run2:
mean_variance: 0.030634592493244104
trust: [0.887, 0.221, 0.713, 0.371, 0.413, 0.626, 0.336, 0.747, 0.547, 0.14]
roles: [1, 1, 0, 0, 2, 1, 2, 1, 2, 1]
connections: [[8, 4, 5, 7], [0, 9, 2, 4], [9, 4, 6, 7], [0, 1, 4, 9], [0, 3, 6, 7], [0, 1, 3, 8], [0, 9, 3, 1], [8, 1, 5, 6], [0, 4, 5, 6], [8, 0, 3, 7]]

Run3:
mean_variance: 0.03293384025496612
trust: [0.84, 0.205, 0.717, 0.705, 0.371, 0.306, 0.393, 0.492, 0.417, 0.553]
roles: [1, 1, 1, 1, 1, 0, 0, 1, 2, 0]
connections: [[9, 3, 5, 7], [8, 9, 3, 6], [0, 5, 6, 7], [0, 9, 4, 6], [0, 2, 3, 6], [1, 4, 6, 7], [9, 5, 1, 7], [8, 0, 3, 4], [2, 3, 5, 6], [8, 4, 5, 7]]

Status: achieved
