Run1:
mean_variance: 0.0334700756337922
trust: [0.848, 0.182, 0.239, 0.602, 0.265, 0.633, 0.447, 0.477, 0.725, 0.595]
roles: [2, 1, 0, 2, 0, 0, 1, 1, 0, 0]
connections: [[8, 9, 2, 4], [2, 3, 5, 7], [8, 9, 4, 5], [1, 2, 5, 6], [8, 1, 2, 9], [9, 2, 3, 4], [1, 2, 3, 4], [8, 9, 3, 6], [0, 3, 4, 7], [0, 3, 5, 6]]

Run2:
mean_variance: 0.033118745078192555
trust: [0.707, 0.653, 0.557, 0.407, 0.447, 0.872, 0.442, 0.319, 0.419, 0.2]
roles: [1, 2, 2, 2, 1, 1, 1, 2, 1, 0]
connections: [[1, 3, 4, 5], [0, 2, 6, 7], [9, 3, 4, 1], [0, 1, 5, 6], [8, 1, 2, 5], [1, 3, 9, 6], [1, 4, 5, 9], [0, 8, 2, 3], [9, 4, 1, 7], [2, 3, 5, 7]]

Run3:
mean_variance: 0.032273111421143585
trust: [0.711, 0.528, 0.167, 0.592, 0.39, 0.689, 0.723, 0.533, 0.7, 0.05]
roles: [2, 0, 1, 2, 2, 0, 0, 1, 2, 2]
connections: [[8, 3, 5, 7], [0, 2, 3, 6], [8, 9, 5, 6], [0, 9, 6, 8], [8, 1, 3, 0], [1, 2, 4, 6], [0, 8, 4, 7], [8, 2, 4, 6], [0, 2, 5, 7], [8, 1, 4, 7]]

Status: achieved
