Run1:
mean_variance: 0.034880287707082056
trust: [0.527, 0.326, 0.7, 0.521, 0.683, 0.304, 0.823, 0.171, 0.671, 0.274]
roles: [0, 2, 1, 0, 1, 1, 2, 2, 2, 0]
connections: [[9, 2, 5, 7], [8, 9, 3, 0], [0, 1, 3, 6], [1, 2, 4, 5], [8, 9, 3, 7], [8, 1, 2, 7], [0, 8, 2, 3], [0, 9, 4, 5], [0, 9, 2, 7], [1, 2, 6, 7]]

Run2:
mean_variance: 0.037235775687682646
trust: [0.54, 0.818, 0.346, 0.633, 0.515, 0.465, 0.447, 0.05, 0.66, 0.566]
roles: [1, 0, 2, 1, 1, 0, 2, 2, 0, 0]
connections: [[8, 1, 3, 7], [0, 9, 5, 6], [1, 3, 4, 5], [8, 9, 4, 7], [0, 9, 2, 7], [0, 1, 9, 6], [9, 2, 3, 7], [0, 8, 2, 6], [9, 3, 4, 6], [8, 2, 4, 5]]

Run3:
mean_variance: 0.03952055556893985
trust: [0.521, 0.612, 0.211, 0.592, 0.55, 0.47, 0.51, 0.651, 0.713, 0.169]
roles: [1, 0, 1, 2, 0, 1, 2, 1, 1, 2]
connections: [[9, 3, 5, 7], [8, 3, 4, 5], [8, 1, 3, 9], [8, 9, 1, 0], [8, 0, 5, 7], [0, 8, 2, 1], [0, 9, 4, 7], [1, 3, 4, 6], [0, 1, 4, 5], [0, 1, 6, 7]]

Status: achieved
