run1 
mean_variance: 0.03165316022233941 
trust: [0.799, 0.111, 0.295, 0.44, 0.419, 0.677, 0.25, 0.742, 0.603, 0.427] 
roles: [2, 0, 1, 2, 0, 1, 2, 1, 1, 1] 
connections: [[8, 3, 6, 7], [2, 3, 4, 6], [0, 9, 3, 6], [1, 2, 4, 7], [8, 1, 3, 7], [8, 2, 3, 6], [0, 8, 3, 7], [0, 9, 3, 4], [9, 3, 1, 7], [2, 3, 4, 5]]  

run2 
mean_variance: 0.03247078819745929 
trust: [0.378, 0.351, 0.531, 0.107, 0.468, 0.527, 0.626, 0.765, 0.381, 0.628] 
roles: [2, 2, 2, 0, 2, 2, 1, 2, 0, 1] 
connections: [[8, 9, 2, 3], [0, 2, 3, 5], [1, 3, 5, 9], [0, 9, 5, 7], [1, 2, 3, 7], [8, 9, 2, 4], [9, 3, 4, 7], [0, 9, 2, 6], [9, 2, 1, 6], [1, 4, 5, 6]]  

run3 
mean_variance: 0.032879390237829986 
trust: [0.713, 0.186, 0.381, 0.387, 0.71, 0.454, 0.593, 0.193, 0.432, 0.713] 
roles: [2, 2, 1, 2, 2, 1, 1, 1, 0, 0] 
connections: [[1, 2, 6, 7], [0, 3, 4, 6], [3, 5, 6, 7], [0, 2, 4, 6], [9, 2, 5, 1], [8, 4, 6, 7], [8, 1, 9, 0], [3, 4, 5, 6], [1, 2, 3, 4], [8, 2, 5, 7]]  

final_result: achieved
