Run1:
mean_variance: 0.034315207274641046
trust: [0.536, 0.619, 0.114, 0.529, 0.408, 0.648, 0.378, 1.0, 0.262, 0.395]
roles: [0, 0, 2, 2, 1, 1, 0, 2, 1, 0]
connections: [[1, 2, 5, 9], [0, 9, 3, 7], [8, 9, 5, 6], [0, 8, 5, 7], [1, 2, 3, 6], [8, 2, 4, 7], [0, 1, 3, 5], [3, 4, 5, 6], [1, 2, 3, 9], [0, 2, 5, 6]]

Run2:
mean_variance: 0.035210458200435675
trust: [0.239, 0.258, 0.461, 0.6, 0.652, 0.659, 0.255, 0.651, 0.385, 0.841]
roles: [2, 1, 1, 2, 1, 0, 0, 0, 2, 2]
connections: [[1, 2, 3, 5], [0, 8, 4, 6], [0, 9, 3, 7], [0, 1, 4, 5], [2, 3, 5, 7], [8, 9, 2, 7], [9, 3, 5, 7], [0, 9, 3, 6], [2, 5, 6, 7], [8, 1, 4, 5]]

Run3:
mean_variance: 0.03552052956569553
trust: [0.613, 0.438, 0.641, 0.153, 0.936, 0.724, 0.211, 0.223, 0.568, 0.473]
roles: [1, 2, 1, 0, 1, 1, 1, 2, 0, 0]
connections: [[1, 2, 6, 9], [0, 9, 4, 8], [0, 1, 4, 6], [1, 7, 9, 6], [1, 3, 5, 7], [8, 9, 4, 6], [8, 1, 3, 5], [8, 0, 3, 6], [0, 9, 2, 5], [0, 1, 5, 6]]

Status: achieved  
